   3.1643027e+02   4.0447559e+02
   2.9104946e+02   4.0070917e+02
   2.6516504e+02   4.0977890e+02
   2.4146794e+02   4.0240310e+02
   2.1655145e+02   3.9652064e+02
   1.6328492e+02   4.1137102e+02
   1.4281752e+02   3.9116355e+02
   1.1195404e+02   3.4670264e+02
   1.0003538e+02   3.2572710e+02
   1.0398723e+02   3.0251587e+02
   1.2872978e+02   2.8572802e+02
   1.4749111e+02   2.6623345e+02
   1.9665261e+02   2.4224055e+02
   2.1356835e+02   2.2167192e+02
   2.2649969e+02   1.9809326e+02
   2.4837126e+02   1.8350473e+02
   2.6221952e+02   1.6539102e+02
   2.7842330e+02   1.4991715e+02
   3.0071846e+02   1.4582601e+02
   3.1112698e+02   1.6671094e+02
   3.2666315e+02   1.8458335e+02
   3.5978574e+02   2.2548049e+02
   3.5708892e+02   2.5288958e+02
   3.5876685e+02   2.8534403e+02
   3.6150834e+02   3.0371287e+02
   3.7168926e+02   3.1492452e+02
   3.8049890e+02   3.2458632e+02
   3.9637634e+02   3.2888990e+02
   4.1259116e+02   3.2725238e+02
   4.2548394e+02   3.1528623e+02
   4.3584305e+02   3.0244664e+02
   4.5834025e+02   2.9755121e+02
   4.7966439e+02   2.8899238e+02
   4.9309812e+02   2.7020636e+02
   5.1887309e+02   2.6456427e+02
   5.4718014e+02   2.6818846e+02
   6.0049708e+02   2.4062570e+02
   6.2596183e+02   2.3840347e+02
   6.3390530e+02   2.6070629e+02
   6.2150451e+02   2.8588914e+02
   5.7687224e+02   3.2214121e+02
   5.7051915e+02   3.4885423e+02
   5.6716400e+02   3.7824075e+02
   5.5800668e+02   4.0686552e+02
   5.6519008e+02   4.3575599e+02
   5.6756437e+02   4.6533407e+02
   5.5087626e+02   4.9096358e+02
   5.3298174e+02   5.1584491e+02
   5.0066817e+02   5.5189078e+02
   4.7875120e+02   5.6217222e+02
   4.3003371e+02   5.8394286e+02
   4.0120454e+02   5.8769910e+02
   3.6832214e+02   5.8110110e+02
   3.5426303e+02   5.8586085e+02
   3.4675200e+02   6.0110367e+02
   3.3285137e+02   6.2874602e+02
   3.0802188e+02   6.4584180e+02
   2.9552344e+02   6.4718525e+02
   2.8651519e+02   6.5160328e+02
   2.8598846e+02   6.6207339e+02
   2.9893455e+02   6.6566316e+02
   3.0170226e+02   6.8279570e+02
   2.7865857e+02   6.8963850e+02
   2.6625737e+02   7.1211005e+02
   2.8728701e+02   7.3277147e+02
   3.1819548e+02   7.3685151e+02
   3.4383067e+02   7.5360957e+02
   3.7553164e+02   7.5835231e+02
   4.0573444e+02   7.6898687e+02
   4.0633873e+02   7.8559001e+02
   3.7835436e+02   7.8944240e+02
   3.5002151e+02   7.9502238e+02
   3.3868030e+02   7.8887325e+02
   3.2567930e+02   7.8610177e+02
   3.1905995e+02   7.9804657e+02
   3.0178158e+02   7.9534254e+02
   2.8069272e+02   7.7386634e+02
   2.5455844e+02   7.5802898e+02
   2.3407759e+02   7.3742090e+02
   2.1838337e+02   7.1141500e+02
   2.2099086e+02   6.8217833e+02
   2.2450640e+02   6.5196297e+02
   2.4025971e+02   6.3136117e+02
   2.5986174e+02   6.1260253e+02
   2.9185381e+02   5.5670385e+02
   3.1552139e+02   5.3756387e+02
   3.4163663e+02   5.2012519e+02
   3.5137130e+02   4.5875372e+02
   3.4933183e+02   4.3131454e+02
   3.2880465e+02   4.1243055e+02
   3.1643027e+02   4.0447559e+02
